Pt_Delta2:
  uncert: 0.32366794198447413
  value: 3.548545657084091
fcc_ADP:
  uncert: 0.0003336844079251958
  value: 0.00893111137832557
fcc_Lat:
  uncert: 0.0009127166278866181
  value: 3.9248562347671023
psize:
  uncert: 1.3554585506821861
  value: 37.43497253838812
rw: 0.10594587600472732
s1:
  uncert: 0.015807451524959718
  value: 0.5856684444994749
