Pt_Delta2:
  uncert: 0.32366800919515853
  value: 3.5485447468141604
fcc_ADP:
  uncert: 0.00033368442065068735
  value: 0.008931110433330823
fcc_Lat:
  uncert: 0.0009127166612129979
  value: 3.924856234257458
psize:
  uncert: 1.3554575399309452
  value: 37.43495812382009
rw: 0.10594587994712809
s1:
  uncert: 0.015807453175922265
  value: 0.585668516989491
