Pt_Delta2:
  uncert: 0.3236679349998033
  value: 3.548545759180883
fcc_ADP:
  uncert: 0.0003336844525396508
  value: 0.008931111943702382
fcc_Lat:
  uncert: 0.0009127166005744049
  value: 3.924856234776956
psize:
  uncert: 1.3554583326391327
  value: 37.43497080237767
rw: 0.10594587994723606
s1:
  uncert: 0.01580745165788228
  value: 0.5856684576521267
